/home/taerim/PRIMNET-V2/code/utils/dataloader.py:17: UserWarning: To copy construct from a tensor, it is recommended to use sourceTensor.clone().detach() or sourceTensor.clone().detach().requires_grad_(True), rather than torch.tensor(sourceTensor).
  motor_control = torch.tensor(data["motor_control"],dtype=torch.float32)
/home/taerim/PRIMNET-V2/code/utils/dataloader.py:18: UserWarning: To copy construct from a tensor, it is recommended to use sourceTensor.clone().detach() or sourceTensor.clone().detach().requires_grad_(True), rather than torch.tensor(sourceTensor).
  position = torch.tensor(data["position"],dtype=torch.float32)
train_dataset: 3160
val_dataset: 395
test_dataset: 395
ext_dataset: 1694
tensor([[ 9.9995e-01, -4.0347e-03, -9.5912e-03, -9.0203e+00],
        [ 4.0650e-03,  9.9999e-01,  3.1386e-03, -1.1334e+01],
        [ 9.5784e-03, -3.1775e-03,  9.9995e-01, -3.6733e-38],
        [ 0.0000e+00,  0.0000e+00,  0.0000e+00,  1.0000e+00]],
       grad_fn=<SelectBackward0>)
tensor([[-0.],
        [-0.],
        [-0.]])
tensor([[ 9.9995e-01,  7.6486e-03, -6.3576e-03, -1.8041e+01],
        [-7.8325e-03,  9.9954e-01, -2.9437e-02, -2.2668e+01],
        [ 6.1295e-03,  2.9485e-02,  9.9955e-01, -7.4506e-09],
        [ 0.0000e+00,  0.0000e+00,  0.0000e+00,  1.0000e+00]],
       grad_fn=<SelectBackward0>)
tensor([[-9.0203e+00],
        [-1.1334e+01],
        [-3.6733e-38]])
tensor([[ 9.9995e-01,  7.6486e-03, -6.3576e-03, -1.8041e+01],
        [-7.8325e-03,  9.9954e-01, -2.9437e-02, -2.2668e+01],
        [ 6.1295e-03,  2.9485e-02,  9.9955e-01, -7.4506e-09],
        [ 0.0000e+00,  0.0000e+00,  0.0000e+00,  1.0000e+00]],
       grad_fn=<SelectBackward0>)
tensor([[-1.8041e+01],
        [-2.2668e+01],
        [-7.3465e-38]])
tensor([[ 9.9959e-01,  1.2634e-02, -2.5790e-02, -2.7061e+01],
        [-1.3471e-02,  9.9938e-01, -3.2542e-02, -3.4002e+01],
        [ 2.5362e-02,  3.2876e-02,  9.9914e-01, -3.7253e-08],
        [ 0.0000e+00,  0.0000e+00,  0.0000e+00,  1.0000e+00]],
       grad_fn=<SelectBackward0>)
tensor([[-2.7061e+01],
        [-3.4002e+01],
        [-1.1020e-37]])
tensor([[ 9.9953e-01,  1.6092e-02, -2.6060e-02, -2.7071e+01],
        [-1.7111e-02,  9.9908e-01, -3.9369e-02, -3.4067e+01],
        [ 2.5402e-02,  3.9796e-02,  9.9888e-01,  5.0455e-02],
        [ 0.0000e+00,  0.0000e+00,  0.0000e+00,  1.0000e+00]],
       grad_fn=<SelectBackward0>)
tensor([[-3.6081e+01],
        [-4.5336e+01],
        [-1.4693e-37]])
tensor([[ 9.9953e-01,  1.6092e-02, -2.6060e-02, -3.6081e+01],
        [-1.7111e-02,  9.9908e-01, -3.9369e-02, -4.5336e+01],
        [ 2.5402e-02,  3.9796e-02,  9.9888e-01, -3.7253e-08],
        [ 0.0000e+00,  0.0000e+00,  0.0000e+00,  1.0000e+00]],
       grad_fn=<SelectBackward0>)
tensor([[-3.6081e+01],
        [-4.5336e+01],
        [-1.4693e-37]])
tensor([[-5.6684e-05,  3.4580e-03, -2.7026e-04, -9.0203e+00],
        [-3.6402e-03, -3.0136e-04, -6.8263e-03, -1.1334e+01],
        [ 3.9862e-05,  6.9198e-03, -2.5272e-04,  0.0000e+00],
        [ 0.0000e+00,  0.0000e+00,  0.0000e+00,  0.0000e+00]],
       grad_fn=<SubBackward0>)
tensor([[-3.6081e+01],
        [-4.5336e+01],
        [-1.4693e-37]])
tensor([[-3.6299e-04,  4.9852e-03, -1.9432e-02, -9.0203e+00],
        [-5.6382e-03, -1.5640e-04, -3.1053e-03, -1.1334e+01],
        [ 1.9233e-02,  3.3910e-03, -4.0889e-04, -2.9802e-08],
        [ 0.0000e+00,  0.0000e+00,  0.0000e+00,  0.0000e+00]],
       grad_fn=<SubBackward0>)
tensor([[-2.7061e+01],
        [-3.4002e+01],
        [-1.1020e-37]])
tensor([[-3.6299e-04,  4.9852e-03, -1.9432e-02, -9.0203e+00],
        [-5.6382e-03, -1.5640e-04, -3.1053e-03, -1.1334e+01],
        [ 1.9233e-02,  3.3910e-03, -4.0889e-04, -2.9802e-08],
        [ 0.0000e+00,  0.0000e+00,  0.0000e+00,  0.0000e+00]],
       grad_fn=<SubBackward0>)
tensor([[-9.0203e+00],
        [-1.1334e+01],
        [-3.6733e-38]])
tensor([[-5.6684e-05,  3.4580e-03, -2.7026e-04, -9.0203e+00],
        [-3.6402e-03, -3.0136e-04, -6.8263e-03, -1.1334e+01],
        [ 3.9862e-05,  6.9198e-03, -2.5272e-04,  0.0000e+00],
        [ 0.0000e+00,  0.0000e+00,  0.0000e+00,  0.0000e+00]],
       grad_fn=<SubBackward0>)
tensor([[-9.0203e+00],
        [-1.1334e+01],
        [-3.6733e-38]])
tensor([[-7.5579e-05, -7.0121e-03, -5.6691e-03, -1.2253e-01],
        [ 6.7811e-03,  8.9467e-05, -9.3199e-05,  5.8670e-03],
        [ 5.9419e-03, -2.7977e-05, -1.6773e-04, -8.9783e-02],
        [ 0.0000e+00,  0.0000e+00,  0.0000e+00,  0.0000e+00]],
       grad_fn=<SubBackward0>)
tensor([[-9.0203e+00],
        [-1.1334e+01],
        [-3.6733e-38]])
tensor([[-5.6684e-05,  3.4580e-03, -2.7026e-04, -9.0203e+00],
        [-3.6402e-03, -3.0136e-04, -6.8263e-03, -1.1334e+01],
        [ 3.9862e-05,  6.9198e-03, -2.5272e-04,  0.0000e+00],
        [ 0.0000e+00,  0.0000e+00,  0.0000e+00,  0.0000e+00]],
       grad_fn=<SubBackward0>)
tensor([[-9.0203e+00],
        [-1.1334e+01],
        [-3.6733e-38]])
tensor([[-7.5579e-05, -7.0121e-03, -5.6691e-03, -1.0040e+01],
        [ 6.7811e-03,  8.9467e-05, -9.3199e-05, -1.2176e+01],
        [ 5.9419e-03, -2.7977e-05, -1.6773e-04,  7.4042e+01],
        [ 0.0000e+00,  0.0000e+00,  0.0000e+00,  0.0000e+00]],
       grad_fn=<SubBackward0>)
tensor([[-10.0400],
        [-12.1760],
        [ 74.0425]])
tensor([[-4.9114e-04, -7.6126e-03, -1.3752e-02, -1.0040e+01],
        [ 6.6489e-03, -3.5763e-04, -9.1698e-03, -1.2176e+01],
        [ 1.4011e-02,  8.9806e-03, -9.3645e-04,  7.4042e+01],
        [ 0.0000e+00,  0.0000e+00,  0.0000e+00,  0.0000e+00]],
       grad_fn=<SubBackward0>)
tensor([[-10.0400],
        [-12.1760],
        [ 74.0425]])
tensor([[ 8.1062e-04, -4.4547e-03,  2.4471e-02, -1.0040e+01],
        [ 5.7364e-03,  2.0832e-04,  4.3805e-03, -1.2176e+01],
        [-2.4234e-02, -4.5507e-03,  1.0188e-03,  7.4042e+01],
        [ 0.0000e+00,  0.0000e+00,  0.0000e+00,  0.0000e+00]],
       grad_fn=<SubBackward0>)
tensor([[-10.0400],
        [-12.1760],
        [ 74.0425]])
tensor([[-0.0001, -0.0024, -0.0058,  0.0985],
        [ 0.0021, -0.0001, -0.0025,  0.0097],
        [ 0.0059,  0.0024, -0.0003, -0.0220],
        [ 0.0000,  0.0000,  0.0000,  0.0000]], grad_fn=<SubBackward0>)
tensor([[-10.0400],
        [-12.1760],
        [ 74.0425]])
tensor([[-4.6313e-04, -1.3732e-02, -9.3545e-03,  9.5085e-02],
        [ 1.3318e-02, -1.0884e-04,  7.6182e-04, -9.0088e-02],
        [ 9.9679e-03, -1.3029e-03, -2.5922e-04,  1.4441e-01],
        [ 0.0000e+00,  0.0000e+00,  0.0000e+00,  0.0000e+00]],
       grad_fn=<SubBackward0>)
tensor([[-10.0400],
        [-12.1760],
        [ 74.0425]])
tensor([[-4.6313e-04, -1.3732e-02, -9.3545e-03,  9.5085e-02],
        [ 1.3318e-02, -1.0884e-04,  7.6182e-04, -9.0088e-02],
        [ 9.9679e-03, -1.3029e-03, -2.5922e-04,  1.4441e-01],
        [ 0.0000e+00,  0.0000e+00,  0.0000e+00,  0.0000e+00]],
       grad_fn=<SubBackward0>)
tensor([[-10.0400],
        [-12.1760],
        [ 74.0425]])
tensor([[-1.4788e-04, -2.4275e-03, -5.7620e-03, -1.0040e+01],
        [ 2.1031e-03, -1.2141e-04, -2.5205e-03, -1.2176e+01],
        [ 5.8741e-03,  2.4449e-03, -2.5272e-04,  7.4042e+01],
        [ 0.0000e+00,  0.0000e+00,  0.0000e+00,  0.0000e+00]],
       grad_fn=<SubBackward0>)
tensor([[-10.0400],
        [-12.1760],
